.Random.seed <-
c(403L, 10L, -1015317082L, -750475327L, 1052417107L, 288781058L, 
542627380L, 1717130167L, -790178899L, 1925683396L, -2143691542L, 
1583354709L, 1948959983L, 1538575094L, 598832672L, 179530723L, 
-143646591L, 1579441904L, -1078588018L, -235199751L, -1996726133L, 
-1687197510L, -1090528324L, 1559519487L, -892320683L, -1504653460L, 
-825401406L, -105220067L, -1350055785L, 129259006L, 1684620728L, 
-743831141L, -1943728135L, 1559418696L, -1512148362L, -281916495L, 
-1040452125L, 1553582770L, -316610812L, -15139769L, -477127907L, 
248201620L, -103717574L, -1849706107L, -1669293473L, 282344678L, 
561819504L, -1103875949L, -584647375L, 1574128608L, -831244162L, 
394216201L, -1984789189L, -479766262L, 174041324L, 1304434031L, 
1182415525L, -1613261732L, -1742621646L, 1266570029L, 597887463L, 
1740068110L, -139990296L, -1504975637L, -1371914871L, 813276440L, 
1143341126L, -327096159L, -1828737229L, 986996386L, -362492524L, 
1379177495L, 282407949L, 1239867684L, -707523318L, 1186753653L, 
-236566577L, -1470920490L, 942704768L, -744794429L, -1056849823L, 
1450381520L, -207615442L, -1164493863L, -1819294741L, 1764074074L, 
-287575012L, 1809428767L, 449905013L, -910131188L, 1110141410L, 
1830802109L, 1691364663L, 751989214L, -694118632L, 1039679099L, 
1026477081L, -1328882520L, 1930860118L, -737103151L, -211156349L, 
-1085089518L, -949789532L, -2076808089L, 1263592893L, -249145548L, 
-909736806L, 1154919141L, 1597142143L, 79252998L, -722470512L, 
-1714437069L, -49001519L, -1412103808L, -1959596962L, -1739404375L, 
1921167963L, 1920747114L, -1206301940L, 563264847L, -1657436667L, 
526740668L, -1901777518L, 71124621L, -1137918777L, 1443453358L, 
-702479352L, 1007958027L, 1108339945L, -231715912L, -1839647642L, 
1607947521L, -158223469L, -1237248958L, -20296716L, -469252617L, 
-171918867L, -1024992636L, 1362410666L, 1822296597L, -124315985L, 
1565742262L, -205618464L, -1133224413L, -784916159L, -1743446992L, 
1542055502L, 1746916025L, 1152698059L, 625172346L, -1050990980L, 
-121576769L, 920994709L, 184804268L, 1087719810L, -790425763L, 
1893851735L, 1858545982L, -235771528L, -1202560421L, -897276487L, 
785922056L, -142636362L, -1279294991L, 2062530595L, -892348302L, 
-1630344508L, 1508916359L, -1826058147L, 633108052L, 1870230650L, 
-1833746491L, -435896033L, 1738059942L, -218623440L, -85063469L, 
-489666831L, 705603104L, 1555083454L, -1675471671L, -522477957L, 
235408458L, -598133588L, 348697519L, 733788005L, -260387556L, 
-1525631630L, -866451987L, -1889234393L, 1658446414L, -1134287192L, 
1711275L, 90004937L, -1716629032L, 332195974L, 259183969L, -702486285L, 
-533170334L, 1971134932L, -441719593L, -1799608627L, -1212461468L, 
-1669788598L, -254432843L, 1692218639L, 1472512534L, 267721920L, 
1557166723L, 1538115233L, -1082374000L, 814998382L, 734121241L, 
194600363L, -1330349158L, -455953572L, -1175104929L, -1885873611L, 
642195916L, 279173410L, 585571197L, -1717962633L, 1882049950L, 
573858904L, 818733499L, 1548433241L, 1596093672L, -553173738L, 
-553009519L, 1453421379L, -196968884L, 1804145532L, 786079538L, 
-2007932304L, 101716292L, -346388520L, -720649094L, -886691280L, 
-236474692L, -1439871148L, 248430146L, -1084063840L, 1965726908L, 
-1545924144L, -2050154142L, -75831320L, -2036696116L, 1747820284L, 
-1918008334L, 218010752L, -126852876L, -853577592L, -2067205830L, 
1060541264L, -1452023700L, 1671142548L, -634346158L, -1668939040L, 
181972172L, 476343456L, -1478529662L, -720995096L, -417821460L, 
618350652L, -909001614L, -1128579984L, -542653916L, 1579882040L, 
-2041732582L, -2051541808L, -1994553796L, 1445466260L, -1358611326L, 
-1149215808L, 37138748L, 1124900496L, -1747938270L, -1218387960L, 
-2045107060L, -85949412L, -1885851502L, 729408640L, 284437524L, 
-2099595480L, 746133562L, 1765599440L, -1354766228L, -668442956L, 
962833426L, -1541884960L, -634002484L, 248476128L, -557799390L, 
-1365269208L, 2076266764L, 154042940L, -167048974L, -1880306448L, 
-591489212L, -1787073448L, 914474554L, -462974736L, -2013485380L, 
-649371116L, -1478513470L, 419879520L, 36151676L, 288984272L, 
-122574814L, -1062583128L, -872935028L, 269013436L, -1996071886L, 
-1392437440L, -259337548L, -28607160L, 910173882L, 668554000L, 
485112044L, -152109996L, 166910738L, -730251872L, -697854004L, 
-540351648L, 1846521026L, 222478888L, 22244780L, 1187543868L, 
-1239343246L, 1304911664L, -1731316700L, 1234563640L, 664905434L, 
1764283280L, -556054276L, -1887583852L, 1144992578L, -2134058496L, 
-939461572L, 470604368L, -1465731934L, 1596708680L, -56320500L, 
1489227484L, 829952082L, -1601978240L, -520754348L, -1587358744L, 
-1824832774L, -1061261488L, -1535725524L, -184549004L, -607722862L, 
-187878816L, -216148852L, -1647237792L, 1580542178L, 1882615976L, 
-505951540L, -842697220L, -81256526L, 2026121200L, -1314519612L, 
451705176L, -1323068038L, 69875120L, 132970940L, -28194220L, 
-123949630L, -653427936L, -1341961284L, 1324549200L, -891219998L, 
412693352L, 289195852L, -783422724L, 1321040626L, -1193774848L, 
-2035100556L, 1214343688L, 438483386L, -1408374320L, 1028918252L, 
446986132L, 1019428050L, -328046496L, -1137897140L, 203110176L, 
-1231676798L, -1172002328L, -2079206420L, 1240870460L, 304343666L, 
232419184L, -2142117596L, -493720008L, -1939980902L, -635992624L, 
1375560124L, 1360917140L, -280656254L, -1089056320L, -1365815492L, 
1779803792L, -1945521374L, -1193376248L, 1349555980L, 448739228L, 
-627478510L, -1424129152L, -2098450668L, -1461221080L, 1723101242L, 
1089734608L, -1410954644L, 1859214388L, -1346575214L, -1178440352L, 
-1610690228L, -1065240096L, 220729250L, 220958632L, 610067596L, 
-847625284L, -785385358L, 39257072L, 1847623748L, 1881007192L, 
-951328710L, 2009604208L, -1925959108L, 1822432020L, 1684332226L, 
-1083945248L, 85644412L, -232161072L, 1277399970L, 1245364776L, 
512779532L, -1076958276L, 598435122L, 1544346816L, -496456140L, 
319960776L, -695535942L, -77504368L, 1040009964L, -1914406316L, 
-1433477486L, -733103328L, 661597132L, -713462560L, 560286402L, 
-568545240L, -2069419092L, 286436028L, 1236047346L, 1422095918L, 
568400956L, -1702340179L, -1746724265L, -181169248L, -1023067906L, 
2089126859L, -1113092659L, 196559098L, -2096741576L, -1539284767L, 
-1143131245L, -60573772L, -695194430L, 548290775L, -702972639L, 
502983910L, 2001299940L, 1876632853L, 1840233791L, 396685528L, 
-235327242L, 736512771L, 719092805L, 1512166498L, 1805116368L, 
1350846713L, -1601420757L, -1986318948L, 1294865866L, 1692419775L, 
-1202542583L, 1317984542L, 1121262796L, 1482897565L, -1723204313L, 
2116177744L, 751600110L, 1095067291L, -988575491L, 1244106730L, 
1361393800L, 1319306801L, -1330085725L, -533678940L, 1011864914L, 
1369874599L, -1643907855L, 510911542L, -2067714860L, 165597285L, 
814307951L, -778660696L, -1251741178L, -126086349L, 1264789397L, 
1169368050L, -1364010944L, -1176016471L, -1463015397L, 1830483436L, 
787760634L, 1121980975L, -1695515079L, -469063602L, 395505820L, 
1314542093L, -1075286409L, 1472734848L, -479484706L, -1045686357L, 
-548800339L, 958881050L, -204899880L, 2142405185L, 1019336947L, 
-985753836L, 799948450L, 608352183L, -2129206399L, 1296519558L, 
1045750724L, 282226421L, -2008614049L, 70698424L, -800531306L, 
-961121629L, 1347982437L, -1805639294L, -1491100944L, -1747718503L, 
-920604021L, 323548028L, -1177246294L, -509088289L, 1906850665L, 
-397853826L, 471208812L, 412891069L, 1626555527L, 1914697840L, 
1150460686L, -1583820741L, 1627635485L, 738586058L, -1073207576L, 
-1735382575L, -1241965629L, 1236161732L, 670608242L, 741692999L, 
1054311953L, 1026262934L, 1766021876L, -1747710843L, -1625198129L, 
275424456L, -1533835930L, 268859283L, -1159546635L, 2005864658L, 
-436396256L, 1363271433L, -173529029L, 1890770316L, -884042726L, 
-1402746737L, 1701076953L, 376881262L, -81443844L, 1751748973L, 
1242106647L, 785717984L, 1914390718L, 1699382923L, 1267580173L, 
-1926016710L, -645578376L, 451195681L, -1721998381L, 1361292020L, 
1492550530L, 567071255L, 590815457L, -52892122L, -1346951388L, 
